.Random.seed <-
c(403L, 171L, 130359890L, -1702096207L, 337146781L, 1611982024L, 
-272549087L, 103891393L, -466579295L, -2039230650L, 1575052797L, 
-1212998238L, -243850011L, -1242429125L, 1551537686L, -1639383575L, 
515650410L, 50690671L, 151905224L, 613397507L, 2053923085L, -798035376L, 
-1675346720L, 275686282L, 1381932028L, -108838571L, -726606723L, 
2061544273L, -1806907830L, 1320131096L, 1111598930L, 1316568083L, 
-429313491L, 1178976349L, -1640426617L, -1038432823L, -1533043091L, 
-2057676968L, 1182531073L, 498686770L, 1290261462L, 2005488009L, 
-63800853L, 112928624L, 226203556L, -1828590656L, -1511334216L, 
-612757731L, -1441247876L, 1775504946L, -611474737L, 431454222L, 
-1334831243L, 865607605L, 473639870L, -903054884L, -1085817036L, 
-1557905079L, -81275512L, -1342556145L, 505812199L, 975511458L, 
-157776369L, -1332951296L, 680861516L, -162946717L, 83115978L, 
967507661L, 929481804L, 664553695L, 435969084L, -271703639L, 
1146968207L, 1805206390L, -371536502L, 1607282100L, 1039239334L, 
-326431601L, 869642381L, 1425247757L, 409691099L, -566220425L, 
-1293397640L, 291545161L, 1405155845L, 1788394129L, -184752029L, 
-1890868012L, 666364163L, 180615540L, 680254354L, 547594213L, 
405530294L, -465111791L, 2137032820L, 795378353L, -442455800L, 
1268027913L, -884088894L, -1068324707L, -1106129399L, 1410472477L, 
-307550585L, -1153492223L, -657438458L, 233851253L, -1654992172L, 
-1344423625L, 456426998L, -582134851L, -1470479411L, 49583499L, 
-1726969431L, 1884705501L, -1467852102L, 627722618L, -1106509749L, 
1400537535L, 371886678L, 2038561164L, 1759559354L, 1407489237L, 
442336965L, 1850947415L, 414703989L, -931790422L, 831999401L, 
1264319297L, 1433408688L, 1519696163L, 1066633933L, -239740460L, 
-1778708661L, 1290319518L, 1607448276L, 2111178149L, -1072134707L, 
-1959361350L, 1932377352L, 519862681L, 366462283L, -1496515862L, 
-232248927L, -1719966309L, -663379322L, -1674048634L, -216638803L, 
688555142L, 1781132508L, 1221044649L, -1672240352L, 604802334L, 
-1227889473L, 409125552L, 562486851L, 1390051642L, -670078661L, 
1448522954L, -1443068862L, 1765351529L, -658506619L, -1286412000L, 
951369024L, -320639221L, 1945933024L, -47010110L, -1640535041L, 
-1126264775L, 973280895L, -664394377L, 1437509716L, 1557652289L, 
-1783423814L, -34129986L, -1624003385L, 791269038L, 874034099L, 
-1223874292L, -253971752L, 449569384L, -2073396945L, -1245965183L, 
-235336548L, -76252786L, 877225433L, 808667169L, 774955762L, 
-445091138L, -961190973L, -314070562L, 1754237677L, -200235416L, 
-1367781597L, 641041986L, 2109654522L, -1993421606L, -1948888168L, 
28992432L, 704174673L, -1144652108L, 1622772855L, -714101266L, 
-479057030L, -464852850L, -1876344376L, -1318024034L, -1135085981L, 
957086183L, -510433589L, -2045826375L, 1147421723L, 1242941674L, 
1336029824L, -2140393124L, 380865583L, -1435844506L, 1077760543L, 
-616718011L, -1763368680L, 1935533296L, 1836022078L, -990404025L, 
686779606L, 525670578L, -1184887477L, -448954568L, -1081766005L, 
-1235686898L, 429498585L, 220306052L, -1975107418L, 249528477L, 
1250631250L, -583872203L, 1182081860L, -2119722345L, -815216467L, 
-1817831523L, 893780977L, 2147456425L, 588912921L, 162734065L, 
686265668L, 410161803L, 1889718475L, 1248265792L, -2146234132L, 
-1526898657L, 1129910311L, -594729484L, 1944214461L, -1488939383L, 
313982915L, 1279859265L, -2138591495L, -640470456L, -329531218L, 
-2022201940L, -1966810614L, -279184430L, -218687937L, -2140311947L, 
-126647154L, -619744225L, -917722381L, -1746173320L, -314861413L, 
-1738653079L, -892643041L, 1481653115L, -198859092L, -778665237L, 
1682718932L, -870535666L, 914998386L, 411103157L, 701385131L, 
1091885318L, -1570816164L, 1969379938L, 1403719847L, -1423521360L, 
1666746049L, -597487886L, -399089271L, -1150190126L, 335912276L, 
-869431149L, -2060916276L, 1714282914L, -659245654L, -1483646920L, 
-806085166L, -45685407L, -1936594121L, -437843387L, 1313718204L, 
329419520L, 1137523087L, -938283582L, 821141249L, 589588405L, 
-1774942510L, -2134946426L, -792932854L, -1528589456L, 390465790L, 
-681348445L, -71099089L, -2074078310L, -811487873L, 2042614933L, 
1260189685L, 1515449450L, -818925282L, 368775673L, -996073048L, 
20114363L, 131670732L, -1005331945L, 458438562L, -87389274L, 
-1272047030L, -1094169971L, 270387312L, -1580025864L, 1666765101L, 
543655285L, 1599149231L, 1100001526L, 1109966008L, -2086575753L, 
449169038L, -1414499427L, -2073527653L, -1568523374L, -468353027L, 
1640056798L, -1235232174L, 197115920L, -876642988L, 1958409957L, 
-1797747745L, 1590807490L, 2058313531L, -889493631L, -837289241L, 
1868269881L, -1823676593L, 1184324485L, -735426507L, -1246828386L, 
-1062052143L, 26925053L, 442885243L, -754847067L, -1105502156L, 
-685542139L, -1044734208L, -2101991683L, -948762205L, 692395486L, 
-153461526L, 670644522L, -1780537779L, -1788450810L, -1605597296L, 
-1164957531L, 757392789L, -1970451730L, -1359880514L, -508167224L, 
935622474L, 2024985217L, 2134753682L, -1241531161L, -1196726732L, 
745361034L, 482799592L, 1068356703L, 852580514L, 1886296335L, 
-1496330262L, 954145369L, 1791837934L, -575139475L, -1126149865L, 
-83655741L, 1371993915L, 1414279505L, 281023460L, 1263068682L, 
-1515960984L, 1403672306L, -529050466L, 703967212L, 1139744292L, 
1869412149L, -903794138L, -449992620L, 1998246074L, -1939596565L, 
997547933L, -784587307L, 1803217369L, -1183471651L, -541444567L, 
-393946214L, -1761707351L, 1463899692L, 1131690129L, -463534590L, 
1068225731L, 538774477L, -1175223606L, -14786360L, 1113210263L, 
552460034L, -1803687782L, -103622138L, -1711181104L, -731011778L, 
-1845247201L, 520513798L, -2030622721L, 354983627L, 2096917563L, 
-1228711982L, -1710220978L, 1263077003L, 1933555156L, -1028796080L, 
-1651248620L, 1905431096L, 1553653900L, 633571715L, 1330650276L, 
-814360756L, 1286029198L, 1241025816L, 1382591575L, 2003280742L, 
13194433L, -366409986L, -506825189L, -1688858205L, -1916358824L, 
-79473643L, -430979384L, 180217375L, -1868926102L, -1298408098L, 
-997628652L, 2133741368L, -534149741L, -858977457L, 1164643673L, 
-638032030L, 851792272L, 1689636096L, -1969508340L, 1202993327L, 
764103484L, 1924875784L, -345959089L, -909619527L, -1262043461L, 
843474404L, 508631769L, -203908598L, -833292501L, 617666930L, 
-1732064043L, 447881289L, -649866982L, -1998067821L, -251424505L, 
-1746110288L, 443024834L, -824056322L, -1111469701L, -806496794L, 
25093195L, -945138694L, -274103585L, 2138665202L, 1084386899L, 
1269001029L, -1386274114L, 165657109L, 2032772348L, -1343135269L, 
1457909836L, 1170014660L, 352135984L, -381144149L, 1932299848L, 
1579135927L, -1652801473L, 510254513L, -306946525L, 1325802306L, 
-300686094L, 472124688L, -651126659L, -1728675769L, 2000668855L, 
-989645856L, -2004306013L, -39521342L, 945629377L, 2054067520L, 
-1704385299L, -1174176572L, -985780175L, 480398130L, 156138540L, 
-1155653720L, -1391977002L, -1280279591L, -1399142578L, 165084318L, 
-62947074L, 2094457864L, 1455686845L, -8767708L, 1003942690L, 
-139914132L, 1574807396L, 869923511L, 530244957L, 1980271772L, 
-992290635L, 680667794L, 831280587L, 1471291368L, -170281703L, 
-917400689L, 2140305340L, 1915025023L, -1473224930L, 1593135435L, 
-765053455L, -1458675414L, 1159174442L, -310921678L, 127818500L, 
1085693478L, 929899364L, 337520038L, -1181740603L, 1652340157L, 
470795011L, 104990025L, -972944412L, -7195383L, -668034282L, 
1001748242L, -44365128L, -441604059L, -449051502L, -1604837837L, 
-1980862380L, -444572271L, -335594142L, 950929309L, 463711842L, 
404908979L, -1166478170L, -1900611466L, 1645815301L, 1132988767L, 
-858691799L, 893635774L, -497410482L, -1354740917L, 668683265L, 
-1701637729L, -260003505L, -1336428432L, -304193215L, -2030666279L, 
942598679L, 13387080L, 361198512L, 1138115933L, -2094765332L, 
1804035082L, 1156998210L, -474601456L, -1418339065L, 2005251902L, 
-1581811672L, 888130916L, 1020047884L, 443751687L, -225114494L, 
-886352278L, 1264783618L, 1317695245L, 1083081886L, -74505048L, 
