.Random.seed <-
c(403L, 10L, -25807269L, -1101231510L, 425506572L, 1163100495L, 
-278177275L, -297555780L, 96174482L, -1308108147L, -824407865L, 
-970539602L, 1971496968L, -1180353525L, 1780193513L, -802408520L, 
261427302L, -242163455L, 384841619L, -628930494L, -688267276L, 
364788215L, -1155273235L, -293470588L, 804462762L, -1319424491L, 
898044591L, -1329157962L, -1657461024L, -1893639645L, 2122728769L, 
-1603340240L, 858366542L, -1727314247L, 2042577611L, -831229062L, 
1637884540L, 827463359L, 416915349L, 201004972L, -414095998L, 
1235159901L, 1420674647L, 1049236798L, 1824867704L, 1442805339L, 
178454969L, 1858700296L, 1942847158L, -1218777615L, -913628125L, 
-1721238414L, -1032446268L, 1943255175L, 1353964637L, 1731805780L, 
-363718534L, 876641221L, 1304415519L, 452877478L, -190607824L, 
271627475L, 1997241073L, -1129453024L, 275811518L, -967354167L, 
465832571L, -1827454902L, 1842352300L, 1469024175L, 1796633445L, 
-1313085156L, 829215090L, 549597677L, -571959769L, 1817843278L, 
141621928L, -425355093L, -654990903L, 1364651480L, 358988934L, 
627859809L, -44276493L, 268397410L, -586226220L, 1498312919L, 
898982605L, -787037596L, -1961109430L, -1085149771L, 2060529935L, 
-345731562L, -535590720L, -1947173245L, 473348769L, -1624331120L, 
-1866078354L, 488235289L, -2053971541L, -1414062182L, -1870074020L, 
-612704673L, -1001124299L, 1672572364L, 2125671714L, -1899505795L, 
17427575L, -590171746L, -1449703336L, 1794373051L, -662570151L, 
-685528856L, -8820458L, -1389430127L, -171247805L, -1348550062L, 
1135609060L, 759328551L, -912340099L, -1382977932L, -1085231014L, 
-1095358299L, -1306248513L, -359956154L, -588302384L, 526148083L, 
-1272460015L, -1047058112L, -129550050L, -2111357463L, 242626331L, 
-651314902L, 1375982156L, -179491313L, 61751621L, -193877252L, 
2061369682L, 734996173L, -165323129L, -466359954L, -208116920L, 
-1132456117L, 1021353641L, 1439794168L, -1853531354L, 1183763521L, 
457489875L, 229486466L, -2071600204L, -1615602889L, -198493651L, 
1826978628L, -1357852566L, 1315023573L, -893389713L, 979103094L, 
-1717291360L, -1022348445L, -2020108287L, 1608803184L, -2004710642L, 
-338516615L, -917569269L, -969817542L, 392501564L, -504973697L, 
-1189503531L, 135238636L, -1221098174L, -987964771L, -140937449L, 
-238266754L, 196384312L, 1982165275L, 3053177L, -638332216L, 
-1388748042L, -2098386127L, 1728404323L, -19566286L, -358411644L, 
1914535623L, -1142356579L, 247976212L, 123994042L, 1878981125L, 
-1053160481L, -890068378L, -604070416L, -1138218221L, -1519176527L, 
1876002656L, 922993918L, 1612563593L, 743728059L, -1315467894L, 
-2012427156L, -1737595409L, -1426850267L, 1555405532L, -228224846L, 
1365320621L, -1706403993L, 1773118606L, -766860952L, -1397284501L, 
-664661239L, -29473384L, -1885948730L, -229175775L, 866725555L, 
-115682270L, 197463572L, -2109898089L, 197385357L, 148754852L, 
1468136330L, 500701173L, 1502647887L, 433828182L, 1378393088L, 
2025854275L, 581327073L, -1219595696L, -1966666066L, -803218855L, 
1289806443L, -2122643494L, -134109028L, -922238894L, 43860096L, 
782082900L, -1683557400L, -1528429830L, 838807376L, 971690028L, 
722235764L, -1999062382L, 1695650400L, 1251306636L, 1596628320L, 
1725448418L, 200476840L, 1194205900L, 1522296316L, 657864626L, 
1782267888L, -1293673020L, -61441704L, -68866694L, 1027504L, 
460446140L, 80611924L, 987602370L, 1576303392L, -1340040260L, 
608937040L, 467797986L, 1915284328L, 484964172L, 395238140L, 
1247040242L, 1144725760L, 1477985396L, -742737400L, 680071610L, 
-954558000L, -976645140L, -436332L, 491484370L, -254799776L, 
2033264972L, -426078432L, 1162269314L, -834792984L, 2025452524L, 
177118780L, -196509070L, 2110588784L, -422026972L, -1765683656L, 
324509082L, -925420080L, -1675963972L, -1727632748L, 252040834L, 
-33883712L, -1776099524L, -1970305392L, 2033808162L, 1472318984L, 
459527948L, 1787142044L, 877283346L, 447247232L, 1840094996L, 
-636004056L, 277686330L, 1389995984L, 97198700L, -1656835020L, 
-290530158L, -560421536L, 1587089740L, 1503482336L, -597178462L, 
-159109208L, 1242954892L, -1672930372L, -592248718L, -273099792L, 
-1391595452L, -261729192L, 813316154L, 190779504L, -1691342276L, 
1185839892L, 596479682L, 918306528L, -894946180L, 1868521680L, 
226939810L, 247079464L, -2106237684L, -1353749572L, -1200263886L, 
328725696L, -436961740L, 2079905480L, -739389766L, -1783846768L, 
1041853164L, 570528340L, 1311184530L, 60525344L, -915207220L, 
-1036524320L, -32216382L, 32399400L, -1625087060L, 2096431804L, 
-518861326L, 272928304L, 154634148L, -1490778696L, -1918187686L, 
2062248080L, -469187716L, 1903016724L, -1855307454L, 1302401792L, 
-1017235524L, -1736834224L, -359879390L, 2077099592L, -183154676L, 
284948572L, 1995751890L, 367485440L, 1780660564L, 2081383656L, 
391773434L, 834518736L, 269874476L, -402867980L, -2037801582L, 
1047400800L, -1151922164L, 800417504L, 727435874L, -708507992L, 
-295963060L, -1106295940L, 1213044018L, -890292624L, -1440601276L, 
742093784L, -707432582L, -843380176L, -370500676L, -814251436L, 
-64707518L, -825417568L, -1997985092L, 2068868560L, -830900382L, 
-1022596376L, -1624836916L, 975388156L, -140285454L, 312788608L, 
180159988L, 1151545992L, -793194694L, -1957449904L, -636519316L, 
1214297492L, -950873006L, 1701173728L, 304344268L, -2058217312L, 
1608595842L, 1975634152L, -1466955028L, 1357788476L, 940274802L, 
571296880L, -429067228L, -1664876488L, -747424998L, -653859632L, 
1600029500L, -1276915820L, -1368049790L, 924523968L, -1635610052L, 
1708300688L, -1422646750L, -679691000L, 324084364L, -1952635108L, 
1526438034L, 1565067648L, -100636140L, 1584116520L, -1729003974L, 
-1457782320L, -1434925716L, -1429103692L, -186790894L, -1385793056L, 
-2040333364L, 2117171424L, -1258508254L, 1263152424L, -1057960436L, 
1867066172L, 853173234L, 1905282800L, 1085198916L, 552226392L, 
1284535098L, -1670225424L, 1037041340L, -1625076460L, 921097922L, 
-1017718688L, 1778468732L, -1796297776L, 786009378L, 1002100392L, 
-154227828L, 2133499068L, 1203324722L, 301226560L, -1909808972L, 
1208541317L, 855246287L, -1324117816L, -905709210L, 1890458515L, 
2128839925L, -625756974L, 1147298592L, 1974926089L, 887471163L, 
-425500276L, 267089946L, -1766521713L, 1127713753L, -581145490L, 
1549520892L, -1961122451L, 961412887L, 1965530848L, -771646274L, 
1511545483L, 1595142413L, -1252936390L, 529298808L, -1875624159L, 
1452365779L, 426278644L, 1497309058L, -583227881L, 1549634785L, 
-735995354L, 1980865316L, -1746185259L, 1226867583L, -1980733928L, 
-2042188490L, -825531453L, -92517883L, 1798263202L, -408029808L, 
-297781959L, -112442901L, -1813658916L, -167958774L, -369382913L, 
-2018262967L, -1973007906L, 1528942988L, 224365917L, 1971481959L, 
1707265680L, -1119432530L, -603442853L, -459627203L, 2121562026L, 
-1883795384L, -418224015L, -1975917085L, 618930404L, -1747997678L, 
-1187158041L, 1078890417L, -408133130L, 1263586324L, -304401627L, 
214164527L, -164727320L, -312925498L, -879244429L, 2019275733L, 
-437199950L, -319373952L, 952599913L, -1376015909L, -1121971924L, 
782144314L, 78474735L, -1461774215L, -72416498L, -1469589796L, 
854844749L, -393119561L, 1901232704L, -1889404130L, -1524538901L, 
4902253L, 467735514L, 248133016L, -1537655807L, 316251571L, 564298964L, 
1229492706L, -1122775945L, 176755137L, 837913414L, -1250535804L, 
72613941L, 322228255L, 211687288L, 1714482774L, 1983259363L, 
-1730755419L, -911372990L, 917887792L, -1840021671L, 1452266699L, 
442565948L, -210382486L, 1666857887L, 643225129L, 1610832062L, 
1344741804L, 185048829L, 1192561223L, -2075711184L, -81718706L, 
1166695035L, 1332357597L, 387923978L, 891863336L, 1701912465L, 
1203360131L, 1080159876L, -1596846926L, 1153510407L, 203634769L, 
2133264342L, 885851828L, -1507879227L, 870918159L, -1905715064L, 
2073700774L, -1164406445L, 1390830261L, -1640441838L, -1208362528L, 
1691479113L, 605182587L, 1915495244L, 578447066L, -1605150001L, 
-638104935L, 1761986222L, -1911942212L, -614577107L, -318913577L, 
1516612128L, 664251262L, 902968651L, -434063539L, 556875130L, 
