x1 <-
c(0.192542507109202, 0.199103785250937, 1.50716276064444, -0.0395972886206464, 
-0.374154180109445, -0.527056375176659, -0.585173560697045, -0.493860171510224, 
-0.237384591024197, -0.0693533775831052, -0.228629139504315, 
-0.381877004074117, -0.529878581905278, 1.22098745473681, -1.74189866476378, 
-0.42045278735954, -1.52189431894967, 0.966011396372288, 0.808535356415984, 
0.402171002277333, -0.825102875797864, -1.23075528883056, -0.830288626636592, 
0.449078062935358, 1.08161117297948, -0.502011802651638, 0.00884591426770214, 
2.90055555133029, -0.877622555667299, -0.0118253482337885, -0.731510692268265, 
1.51327664620576, 0.517189116542834, -0.314552745784232, -0.971011296342761, 
-1.09187714519201, 0.223565676212308, -0.331613753974358, 1.57968360500025, 
0.363183851018938, -0.702072286376111, -1.40178205696886, 0.0730783292325249, 
1.18851523018943, -0.0878240670938741, 0.196752955454348, -0.377334790260323, 
1.71969672402577, -0.703365903787383, -0.881639691402533, -1.59952327467271, 
0.420112251424336, -0.380321835977605, 0.40215602502318, 1.23318677315888, 
-0.29832823397297, -2.90647945229412, -0.486475543678951, -0.781475539968297, 
1.50474448662696, -0.276943033114126, 1.34142498235964, 1.00890225656125, 
0.324472694742972, -0.0398828187405184, 1.21304705256449, -0.709135370630471, 
-0.645332323240915, 1.49134746712042, 1.4924464701681, 0.694483056981157, 
-0.447692751698343, -1.46096906246451, -0.729800086460904, 1.22422912592958, 
1.11317986387626, -1.44806247521628, -0.352268320318713, 1.05670374053864, 
0.216411191268631, -0.197846169607143, -0.816258159372676, 0.0767502053130079, 
-0.111034086004711, 0.858971765202677, 1.56575117643274, 0.04457170166792, 
0.972280252198415, -1.23002987182679, -1.03171979763247, -1.12364319659699, 
-0.743490594002984, 0.207381172205683, -0.838272596033872, 0.567861479382388, 
-1.03719389098499, -0.694571730464851, 0.0472262772701548, -1.23472642719739, 
-0.237144867115502)
x2 <-
c(49.997948144836, 9.33558219404182, 5.53687894716859, 48.0532685269542, 
1.14369423932862, 18.4349399982932, 0.778479240834713, 2.35280762426555, 
10.1529660634696, 0.326957516432236, 29.7623247636442, 11.4724767021835, 
48.0485526074596, 46.3523418058581, 36.3296344486957, 1.46972151127048, 
5.08481508120894, 12.9954978201172, 11.6856590099633, 65.6531685396588, 
10.8767282217741, 5.95820992253721, 22.0020125836033, 18.1271766304019, 
18.6089814073386, 5.22578963898876, 20.0155644482913, 6.61294658646364, 
24.204940701926, 9.33324045501649, 45.0816995997853, 25.1185917659643, 
9.95902237482369, 12.077291496098, 1.05886278779604, 21.7972625783625, 
23.6404898754301, 13.8513698242605, 9.66573095880449, 52.9194014121719, 
60.9265519644985, 1.26372935653885, 0.905524223870824, 1.08641515743887, 
22.1022591731491, 0.163780854876325, 15.2390131159666, 6.4356548152864, 
17.7245900520768, 0.0653060939926847, 10.7269486784935, 52.853749503655, 
6.51845527189295, 7.26412120275199, 6.76260774984918, 3.50837585975517, 
18.1936034179273, 25.2877219757977, 4.4445006037126, 17.7545963589473, 
6.41649940051138, 5.60070787556469, 7.14599846862257, 1.44636323527819, 
8.89769466593862, 13.6627378221601, 25.4240187062862, 4.9815788813548, 
1.54130199549598, 25.6461049235406, 13.7196443974972, 22.4368799198482, 
23.2611844121459, 15.0374290338697, 5.5182861816138, 22.5073675989153, 
25.441301203424, 17.9344209833982, 6.53658885030593, 52.4115227510162, 
27.2799677393379, 14.0632634229007, 35.2450256119804, 32.842333166111, 
2.17531001195312, 36.6587250662928, 8.92763792537153, 1.05495017953217, 
27.2776634423974, 35.3797147726379, 2.86424476341195, 9.32011197321117, 
4.29067807573788, 25.7611526540461, 7.42394978180528, 6.08020673505962, 
3.33839692175388, 40.5837197212463, 2.05346251547049, 56.7226465012798, 
10.392905118233, 29.5219676179772, 4.2651145065528, 3.22221159934998, 
2.97451245710664, 20.5073976322057, 0.815619806558339, 33.3613699285274, 
16.7101975149455, 32.7122945698877, 56.4349360730419, 11.559122344479, 
5.15112550264828, 5.61187036335468, 5.92597031965852, 15.5505768573823, 
29.299387606907, 57.9263961281548, 37.1898668615108, 113.18767517133, 
0.762897059321404, 9.12405145905809, 10.7847031205893, 30.200325733233, 
21.6074421993437, 54.7753405918307, 10.8243242744356, 0.0974618457257748, 
4.96252848575867, 24.0748377880993, 35.3360808251386, 0.706180471204989, 
0.69736328907311, 2.99873212352395, 7.60078814060798, 26.1027492760661, 
5.67604708485305, 1.43748264759779, 9.63357083499432, 13.0417982582003, 
9.43300828337669, 12.0524553302675, 5.80607538111508, 4.84458710857654, 
6.70262865722179, 18.6755093364956, 15.6242159239348, 20.2022661876234, 
8.29039602540433, 38.5173932073598, 20.1986211343648, 15.1941538529873, 
15.8589193216505, 6.1130465939641, 1.38956915030773, 4.51979183080557, 
63.7642070617447, 3.60054089012069, 3.47342235967517, 26.2358275606277, 
1.57892966642976, 3.32132891751826, 26.1980911894682, 31.4090855313079, 
29.3815221248155, 1.24525353026655, 52.8140882004924, 4.55915139988065, 
3.55776217766106, 4.67215298675001, 10.3295639529824, 18.2995275958421, 
6.66542254948846, 15.8968920435488, 13.754429128021, 44.1541738322208, 
23.0691478393021, 22.8244555546882, 40.5305101705675, 1.86773319728673, 
29.61474686693, 10.321144964546, 0.991893671452999, 19.0203273654896, 
1.73246418323387, 41.7635266830154, 2.5481067096998, 12.85919114016, 
64.6904320981274, 1.1579813528806, 8.52915436960757, 59.2070516910324, 
9.55926338210702, 18.437165401003, 4.79790155882416, 26.450998931283, 
17.7302764906528, 36.599158195961, 12.177231637761, 4.84755838289857, 
5.96485465764999, 139.573846075813, 29.1779838145759, 21.229927650744, 
26.8661718620899, 12.6749672778347, 3.11029205713076, 37.2504903456838, 
17.5338432910226, 14.500010254884, 31.4374770952349, 4.78396938182414, 
5.61378609389067, 36.5855269862299, 53.7481005092092, 11.6731213033199, 
1.6689659696449, 44.5696265829827, 14.4923086590496, 13.3228721562773, 
12.9523044265807, 10.1071731839329, 22.6594276345315, 13.4248836617917, 
4.73025150564207, 43.0044874151178, 2.45732831768692, 23.0294119079722, 
50.6721220512815, 0.798685380284747, 40.1191037876492, 6.46655049175024, 
1.58308144658804, 30.984617321003, 14.0105612868992, 8.45491372980177, 
36.1275894550567, 49.5740992039154, 26.5775829358938, 17.6457272275331, 
21.2654136112871, 12.602795837447, 53.5575501968093, 27.4106154954972, 
0.976702887564898, 40.7122844813352, 13.0660975445062, 1.15222772558698, 
1.79169446589341, 4.15520920418203, 9.68403874338476, 41.2933874858503, 
4.87158720381558, 53.4722377707191, 15.1159595317187, 17.1148262164536, 
8.60085685737431, 7.79011851118485, 49.3471853037305, 4.71003198064864, 
9.41569729708135, 32.6594315840983, 17.0604381143096, 5.23366006091237, 
31.9331166503911, 8.74184281565249, 0.765281015736148, 64.2237609591255, 
103.514344425579, 17.0945665790679, 13.7613071780652, 28.9179426042323, 
28.0627343041782, 7.96207739040256, 100.396580429454, 4.31323530956697, 
25.5013371809366, 54.1306922949691, 5.50453042785309, 0.272639530201811, 
44.7535902267014, 19.7304432803842, 11.7993065994233, 11.2956014741212, 
12.3148067388684, 13.3967913495249, 64.093660857893, 0.331031931564212, 
51.4086976089154, 33.8481760143071, 1.02459224872291, 44.3775782091062, 
17.3279859117212, 13.8591105584055, 13.7826360762119, 29.4015660120134, 
30.8067551723075, 14.7472212290795, 16.9863638822903, 38.4150797111874, 
3.02951654000386, 0.194334676489234, 4.87612719803106, 17.8929403745337, 
8.82826298652032, 11.9919707160443, 4.17903457768261, 4.53482920303941, 
0.10734130628407, 24.677438455725, 22.768356668854, 15.6858616686406, 
15.4824403478744, 8.0304617062211, 54.9865539719291, 5.53050826303661, 
52.0201281060405, 30.3833840770607, 0.117607824504375, 40.7584680227523, 
70.2546180370164, 29.3019174084205, 16.3766156687381, 28.8647596521263, 
39.8882325349336, 4.30377835702621, 28.3838271705394, 41.2175837142353, 
